10
200
21
19
40
47
96
70
92
31
97
36
48
79
64
18
54
53
34
45
77
219
99
76
99
81
9
83
49
38
80
70
41
45
74
88
57
8
13
22
81
127
75
44
96
14
6
39
95
71
92
98
90
5
45
8
43
73
17
64
89
176
77
57
73
87
87
21
94
44
72
46
67
12
33
92
63
62
2
68
2
181
40
84
88
98
54
81
75
90
71
29
15
73
92
51
56
37
59
65
79
3
61
15
12
34
95
12
55
26
16
69
65
38
13
88
9
6
91
78
42
415
87
9
88
7
85
8
13
72
95
15
9
58
30
1
45
32
32
76
100
378
30
42
79
14
38
32
82
67
25
68
92
34
63
82
65
94
66
94
18
155
56
12
78
53
34
7
46
57
36
60
77
58
26
99
78
12
81
66
11
293
18
41
32
64
1
81
61
35
86
89
31
6
69
49
18
90
26
66
75
302