10
200
58
94
65
28
58
87
90
79
18
44
66
90
49
84
24
69
24
29
75
9
100
7
19
4
21
85
40
85
88
63
91
20
23
40
53
49
83
10
95
164
24
83
48
61
74
91
23
34
94
30
93
66
99
52
88
40
24
23
63
30
100
70
74
24
44
57
87
46
9
50
57
63
28
100
45
69
37
78
82
20
68
52
40
74
15
63
44
55
72
59
26
1
61
10
75
62
16
97
71
179
84
81
41
25
2
83
47
59
90
12
32
62
33
94
42
83
48
10
85
127
47
25
34
17
92
12
45
64
44
4
73
14
65
100
18
30
90
35
17
314
100
21
32
11
38
1
46
87
92
74
76
98
31
35
6
26
99
40
83
144
12
24
80
82
74
10
48
67
23
61
48
63
97
19
41
54
33
55
60
189
16
21
45
46
58
99
71
57
75
24
20
66
91
95
91
43
38
82
55
47