10
200
103
196
14
42
260
63
55
194
199
275
4
183
217
197
300
2752
31
269
116
141
230
80
89
243
114
109
173
60
185
141
146
243
266
187
42
165
269
173
135
191
227
297
216
100
284
164
78
192
46
53
139
154
50
134
287
16
27
285
99
76
208
44
32
84
86
121
34
82
105
294
283
266
161
117
10
111
293
1711
38
249
41
264
212
138
136
245
73
258
202
138
165
61
265
255
274
27
1042
98
63
119
294
69
89
34
205
262
215
211
39
294
154
246
236
69
192
237
1382
16
2
2033
24
276
282
176
161
61
228
280
54
211
264
2179
173
233
202
241
138
237
82
212
49
218
3
88
256
31
248
191
16
74
157
255
72
194
30
42
92
91
124
44
243
218
183
272
8
10
176
225
206
20
123
1588
1300
196
250
80
89
223
286
2016
88
193
266
15
258
273
79
209
289
230
215
31
93
184
117
291
278
5
214
111