10
200
691
345
587
428
901
872
719
801
877
102
149
613
3
443
121
862
609
865
999
723
527
872
745
44
408
639
759
762
541
875
464
799
72
981
561
305
876
655
572
883
67
863
618
613
488
992
403
86
998
629
61
223
592
519
220
145
643
881
705
874
593
401
326
908
239
26
913
366
337
641
143
823
941
124
19
680
701
105
215
441
601
230
546
487
572
101
10
29
190
219
660
1000
626
592
586
488
392
233
276
139
966
821
882
700
59
701
473
268
628
400
740
800
994
597
789
932
412
282
692
85
833
492
63
173
968
512
707
643
484
242
922
929
970
692
261
450
429
922
276
219
548
923
955
193
969
314
303
516
118
621
170
99
340
126
835
432
620
729
642
869
913
277
66
887
925
486
312
241
811
74
131
612
573
995
324
886
767
549
936
513
67
720
835
86
391
199
695
433
108
546
902
127
760
754
797
405
7
635
321
402