10
200
316
463
591
427
141
50
236
758
588
2
390
548
936
160
926
830
732
885
74
362
464
804
744
565
2
831
108
834
230
121
36
906
635
172
985
772
841
180
273
583
136
916
587
14
74
799
186
115
508
513
846
7
40
48
63
832
271
741
532
884
357
95
147
374
493
658
569
7
592
764
124
206
88
288
855
227
929
407
878
704
106
395
91
553
112
582
704
862
996
355
470
678
926
730
557
871
18
426
629
371
170
434
853
252
764
352
689
52
565
286
977
862
694
450
312
217
383
109
979
982
385
703
555
976
312
321
804
444
952
42
582
825
511
270
715
217
564
403
627
912
439
726
813
493
289
430
983
543
789
319
15
161
959
883
922
97
587
379
310
86
281
908
956
656
16
264
16
772
897
338
403
488
934
462
368
372
378
383
310
794
426
579
598
7
549
589
445
314
984
866
316
660
69
254
942
641
12
696
250
998